83 142 1 139 133 142 141 146 147 140 147 149 148 151 150
83 142 2 197 196 197 199 210 206 205 207 211 214 215 216
84 142 1 143 145 144 143 146 151 150 158 157 162 161 160
84 142 2 202 200 207 206 208 213 208 218 220 229 231 236
85 142 1 154 152 156 154 160 163 166 169 172 178 176 172
85 142 2 217 218 220 225 230 230 230 242 244 250 245 246
86 142 1 170 166 167 174 180 183 186 191 196 202 205 204
86 142 2 239 234 238 241 252 255 255 263 267 278 286 290
87 142 1 201 207 201 207 215 217 215 217 224 227 229 228
87 142 2 278 281 281 288 297 296 294 307 307 315 318 316
88 142 1 217 220 221 217 224 229 224 239 236 236 234 229
88 142 2 298 301 299 303 315 317 308 317 320 328 327 325
89 142 1 225 219 226 228 234 247 242 257 256 258 260 250
89 142 2 305 303 308 311 325 326 325 345 346 354 358 356
90 142 1 251 243 249 242 255 259 255 269 266 275 270 267
90 142 2 336 340 337 332 342 344 341 358 363 374 373 373
91 142 1 255 255 253 267 267 280 280 285 289 289 288 282
91 142 2 352 349 358 358 368 387 382 388 397 401 401 398
91 142 3 313 312 318 319 321 341 334 338 343 349 344 347
92 142 1 274 268 267 272 280 282 277 281 286 287 293 293
92 142 2 378 371 370 378 382 383 371 387 391 391 399 407
92 142 3 333 323 329 341 342 338 334 338 341 345 345 348
93 142 1 279 278 290 291 301 304 300 302 304 313 316 318
93 142 2 388 382 390 403 410 409 402 419 420 430 431 440
93 142 3 336 333 338 349 357 356 349 362 364 368 372 381
94 142 1 308 306 313 311 325 328 321 344 352 351 362 361
94 142 2 417 418 416 428 434 443 437 455 466 476 482 484
94 142 3 365 365 361 379 377 387 373 407 412 418 423 434
95 142 1 352 348 362 352 364 375 361 387 385 388 386 387
95 142 2 467 460 472 474 479 488 482 510 511 513 521 527
95 142 3 415 419 430 426 431 445 436 466 459 458 460 471
96 142 1 377 377 381 383 396 399 400 418 425 423 430 430
96 142 2 506 501 504 503 520 528 527 549 559 564 574 578
96 142 3 454 458 462 458 495 476 472 494 500 496 511 511
97 142 1 409 407 412 419 432 447 439 447 464 471 465 461
97 142 2 544 553 556 555 573 582 578 592 601 607 607 622
97 142 3 483 499 498 496 521 536 523 533 540 546 550 550
83 145 1 46 50 53 50 49 48 48 46 48 46 48 48
83 145 2 56 57 55 58 58 59 57 58 52 53 52 52
84 145 1 47 50 56 54 59 71 96 134 174 206 239 246
84 145 2 49 53 58 60 62 74 101 137 202 233 253 251
85 145 1 244 235 235 235 241 236 245 263 305 330 357 366
85 145 2 259 253 252 251 263 261 272 294 319 357 371 384
86 145 1 127 152 175 194 208 221 241 242 269 302 328 341
86 145 2 140 177 193 209 229 243 254 258 296 316 346 356
87 145 1 143 347 344 330 330 328 335 329 329 331 324 320
87 145 2 355 350 351 345 341 340 341 341 342 338 341 340
88 145 1 329 332 335 333 335 336 338 339 349 351 352 350
88 145 2 334 349 346 341 343 350 348 359 366 356 370 356
89 145 1 361 363 364 362 366 364 365 364 366 373 377 381
89 145 2 379 377 369 376 372 373 375 372 374 381 387 394
89 145 3 370 377 369 401 381 368 379 371 376 390 387 394
90 145 1 373 381 382 386 402 416 440 465 460 498 549 594
90 145 2 389 389 395 398 412 426 447 491 490 535 571 612
90 145 3 399 389 392 400 416 428 467 516 503 539 584 609
91 145 1 623 640 467 471 559 628 629 627 628 636 649 645
91 145 2 649 668 667 482 616 635 653 631 643 664 660 668
91 145 3 664 668 665 496 615 645 638 638 645 650 668 667
92 145 1 632 628 629 642 639 642 645 651 657 657 622 658
92 145 2 654 646 646 664 651 653 669 668 672 680 678 679
92 145 3 653 648 646 659 654 667 664 674 675 673 675 679
93 145 1 697 701 695 695 720 721 709 708 705 715 727 734
93 145 2 768 769 736 741 823 813 813 737 764 763 761 785
93 145 3 760 746 750 752 809 802 804 768 768 737 784 782
94 145 1 740 725 728 715 729 703 723 732 728 744 724 761
94 145 2 780 777 803 803 791 776 792 783 782 800 813 812
94 145 3 792 779 790 794 806 780 798 777 779 768 752 777
95 145 1 760 767 758 753 753 760 777 781 796 794 769 769
95 145 2 812 804 815 791 804 828 817 836 861 855 844 844
95 145 3 796 795 790 781 781 804 789 832 849 834 778 794
96 145 1 784 800 802 810 808 804 806 797 802 830 774 782
96 145 2 830 847 840 827 838 838 853 815 907 909 877 875
96 145 3 816 833 826 837 847 839 851 832 992 1037 839 855
97 145 1 795 772 782 783 780 778 783 778 791 791 784 709
97 145 2 880 829 847 832 841 828 829 796 875 798 863 879
97 145 3 870 855 824 799 842 848 884 815 830 800 826 840
86 161 1 6 6 6 6 6 6 6 6 7 7 7 6
86 161 2 9 9 9 9 9 11 9 11 11 11 11 11
87 161 1 8 8 7 7 8 7 8 8 9 8 8 8
87 161 2 15 12 14 14 15 16 14 14 15 14 14 15
88 161 1 10 10 11 11 11 11 11 12 13 13 13 13
88 161 2 20 16 18 16 18 19 20 20 23 23 22 23
89 161 1 11 11 11 11 12 12 12 13 13 13 13 14
89 161 2 17 16 17 18 18 19 19 19 22 21 20 22
90 161 1 11 12 12 12 13 13 13 14 14 14 14 15
90 161 2 17 17 17 18 18 18 19 19 22 21 21 22
91 161 1 13 14 14 15 15 16 15 16 20 21 21 21
91 161 2 23 23 24 24 24 25 24 32 32 32 32 32
92 161 1 17 17 17 18 18 19 18 18 18 19 18 17
92 161 2 29 31 31 31 31 32 32 30 33 32 31 31
92 161 3 22 22 23 25 24 25 22 21 23 23 22 22
93 161 1 16 17 18 18 18 19 18 19 19 19 18 17
93 161 2 31 31 33 33 34 34 33 34 38 33 38 37
93 161 3 22 22 23 24 24 24 24 24 27 24 27 27
94 161 1 20 20 20 21 23 23 22 24 27 26 26 26
94 161 2 34 33 36 37 39 40 38 38 39 43 42 43
94 161 3 25 24 26 26 28 28 27 27 28 31 30 30
95 161 1 25 26 27 26 25 28 31 36 39 37 28 25
95 161 2 41 42 43 44 42 46 49 53 53 52 53 51
95 161 3 29 30 31 32 30 33 35 38 38 37 38 36
96 161 1 26 27 24 26 35 39 40 47 50 42 35 35
96 161 2 50 48 50 54 53 53 56 59 62 61 60 61
96 161 3 35 34 35 38 37 38 39 42 43 43 42 43
97 161 1 24 26 26 28 29 37 38 45 48 46 43 34
97 161 2 50 58 61 60 59 60 64 66 72 70 74 64
97 161 3 35 41 43 42 41 42 45 46 51 49 52 45
91 162 1 9 9 9 10 8 9 8 11 9 9 8 9
91 162 2 18 20 18 18 17 18 18 19 20 19 19 20
92 162 1 8 10 9 9 9 9 9 10 11 9 9 9
92 162 2 18 20 20 20 19 21 22 23 23 22 23 23
93 162 1 8 6 7 8 9 10 12 14 13 12 12 9
93 162 2 23 26 25 26 22 24 24 23 23 23 24 23
94 162 1 8 7 8 7 9 11 14 17 18 17 14 12
94 162 2 26 30 28 28 28 29 28 28 31 29 30 30
95 162 1 10 9 8 9 9 11 12 13 14 13 12 10
95 162 2 26 29 27 27 27 27 22 26 27 27 26 28
96 162 1 11 14 13 13 14 13 13 14 15 14 13 13
96 162 2 21 20 21 20 20 21 20 21 20 23 23 21
96 162 3 13 13 13 13 13 13 13 13 13 15 15 13
97 162 1 12 13 13 15 14 14 14 15 16 16 15 15
97 162 2 19 20 20 22 20 22 21 22 23 22 23 23
97 162 3 12 12 13 14 12 14 13 14 14 14 15 15
83 203 1 93 89 93 94 98 98 98 102 104 103 105 94
83 203 2 153 152 154 157 162 162 164 168 172 172 167 171
83 203 3 96 97 95 94 94 95 99 105 106 109 109 108
84 203 1 96 97 95 94 94 95 99 105 106 109 109 108
84 203 2 168 162 162 162 158 168 167 174 179 184 183 185
85 203 1 101 99 103 100 103 106 110 115 115 121 121 119
85 203 2 173 171 174 170 174 177 182 187 190 192 191 186
86 203 1 120 117 116 120 124 126 131 136 144 146 145 146
86 203 2 195 190 190 198 208 212 216 225 231 237 229 232
87 203 1 142 147 131 132 132 134 141 140 148 151 149 146
87 203 2 227 233 216 217 215 218 219 219 225 229 226 225
88 203 1 139 144 146 145 149 151 152 159 165 160 163 159
88 203 2 215 219 223 225 231 231 234 238 246 238 247 245
89 203 1 162 159 161 164 165 170 173 180 183 185 185 178
89 203 2 239 245 245 248 256 258 267 271 275 277 276 274
90 203 1 178 175 178 170 179 186 184 195 191 190 193 187
90 203 2 269 270 268 264 268 282 270 287 287 297 293 288
91 203 1 179 187 182 180 194 198 199 207 211 208 207 199
91 203 2 279 286 275 280 289 297 292 309 316 313 309 298
92 203 1 193 195 197 199 203 196 196 193 199 205 203 202
92 203 2 292 294 301 307 301 293 290 291 308 307 307 302
92 203 3 235 231 249 255 254 260 248 239 253 260 247 260
93 203 1 197 197 204 204 211 211 210 221 224 228 225 223
93 203 2 289 296 303 303 311 308 306 323 327 336 327 330
93 203 3 236 255 264 260 259 256 255 269 284 292 267 272
94 203 1 198 200 201 196 205 205 215 223 229 228 231 233
94 203 2 291 297 294 295 301 297 309 318 325 330 324 344
94 203 3 242 261 248 249 255 262 254 275 288 284 286 288
95 203 1 231 226 236 227 232 233 238 246 252 251 251 257
95 203 2 333 326 337 330 336 335 340 354 359 358 374 378
95 203 3 279 276 283 284 279 321 334 304 352 346 315 363
96 203 1 244 250 248 240 250 255 258 270 275 273 275 279
96 203 2 358 365 358 355 362 372 372 384 393 392 400 409
96 203 3 319 338 332 332 348 358 357 368 348 347 346 342
97 203 1 265 267 268 270 277 285 289 311 308 321 314 323
97 203 2 388 399 401 394 406 409 410 439 440 458 458 459
97 203 3 329 369 341 338 349 338 346 386 385 365 390 366
86 204 1 230 233 293 364 434 458 488 492 497 490 507 497
86 204 2 242 242 315 402 460 478 512 515 507 508 502 504
87 204 1 499 501 441 470 476 475 477 480 486 489 459 471
87 204 2 518 518 468 516 502 492 488 494 544 517 548 531
88 204 1 488 497 504 499 491 494 496 503 506 521 525 530
88 204 2 542 581 562 581 561 549 545 550 537 539 568 547
89 204 1 543 526 532 533 539 534 533 528 530 522 534 532
89 204 2 532 532 570 572 583 550 564 550 561 558 596 602
89 204 3 571 544 563 616 646 554 595 564 582 604 577 614
90 204 1 489 495 499 508 529 519 538 541 546 606 668 683
90 204 2 569 523 544 548 579 555 607 583 605 701 727 716
90 204 3 627 527 542 566 589 594 596 612 662 725 767 737
91 204 1 688 688 693 683 679 696 705 739 727 709 711 725
91 204 2 764 837 775 749 713 727 799 778 793 797 834 776
91 204 3 817 812 799 771 722 735 746 819 849 848 816 826
92 204 1 706 699 702 701 702 704 710 708 714 717 741 709
92 204 2 822 761 774 789 759 767 761 799 811 824 796 782
92 204 3 816 773 785 787 769 812 791 770 827 854 825 798
93 204 1 665 667 664 665 674 675 665 667 670 671 678 684
93 204 2 679 698 685 687 719 715 711 681 696 696 686 702
93 204 3 700 690 691 693 714 711 716 703 704 694 724 723
94 204 1 688 682 686 677 681 659 677 680 680 709 674 697
94 204 2 700 713 727 716 716 704 716 708 703 707 713 715
94 204 3 716 723 720 700 724 704 733 719 704 699 685 702
95 204 1 692 692 685 687 691 692 692 698 702 699 692 692
95 204 2 719 700 701 698 707 717 704 711 727 716 721 721
95 204 3 708 704 700 707 706 716 714 728 731 726 703 708
96 204 1 696 696 697 701 701 701 700 698 702 704 695 701
96 204 2 711 724 727 711 722 714 721 712 734 731 735 732
96 204 3 725 709 705 723 719 715 732 719 742 745 741 735
97 204 1 700 678 683 684 687 689 692 686 691 687 690 649
97 204 2 727 701 708 704 710 719 718 698 746 699 733 729
97 204 3 737 735 710 706 712 726 748 705 714 704 734 718
83 211 1 59 57 59 59 64 62 62 64 68 67 65 59
83 211 2 95 94 97 99 101 100 98 103 108 107 104 93
84 211 1 57 58 56 55 59 60 61 67 68 70 70 69
84 211 2 97 95 95 93 88 98 99 104 105 108 111 112
85 211 1 59 57 61 58 61 61 63 70 74 79 75 67
85 211 2 98 96 101 102 97 102 104 109 117 124 118 114
86 211 1 69 65 63 66 70 68 74 81 87 87 84 85
86 211 2 108 103 108 107 118 112 119 127 135 132 127 130
87 211 1 77 79 65 67 68 69 70 80 84 85 88 87
87 211 2 119 121 111 107 111 112 113 122 126 132 128 114
88 211 1 76 77 76 75 80 84 84 88 97 95 96 85
88 211 2 112 121 131 128 127 130 128 139 144 134 134 132
89 211 1 83 82 77 83 84 92 90 98 104 103 99 91
89 211 2 124 129 126 132 133 137 137 149 150 159 144 143
90 211 1 94 90 92 91 97 100 94 113 109 114 108 107
90 211 2 136 133 137 138 142 145 145 156 155 158 155 169
91 211 1 95 95 93 98 102 106 106 113 119 120 117 116
91 211 2 141 139 140 137 140 145 156 164 168 173 167 167
91 211 3 135 127 134 131 134 139 142 148 149 153 157 156
92 211 1 111 101 104 105 112 111 109 116 122 123 122 118
92 211 2 160 152 158 164 165 162 162 166 173 173 176 169
92 211 3 149 144 148 147 151 150 146 153 156 157 155 152
93 211 1 111 107 109 110 117 120 121 127 128 129 125 123
93 211 2 158 167 162 169 175 171 175 181 181 186 182 184
93 211 3 152 151 152 157 156 162 162 168 168 170 165 168
94 211 1 121 118 121 121 126 129 129 142 150 152 154 150
94 211 2 184 181 185 187 190 191 188 205 216 219 221 221
94 211 3 171 156 173 169 177 177 174 193 195 198 205 202
95 211 1 137 133 140 136 140 142 142 156 167 170 163 159
95 211 2 208 200 204 211 216 212 208 226 238 241 239 232
95 211 3 197 172 191 197 202 199 193 206 217 225 223 214
96 211 1 146 148 145 146 157 158 161 175 186 185 183 181
96 211 2 221 222 216 226 233 237 235 248 260 260 248 257
96 211 3 204 205 202 206 211 223 218 231 229 241 237 241
97 211 1 161 167 163 167 171 179 182 182 192 195 192 188
97 211 2 236 247 246 253 255 258 256 260 259 272 272 274
97 211 3 226 235 224 235 235 240 237 243 239 251 251 256
83 221 1 236 224 234 226 236 235 235 237 240 238 240 238
83 221 2 377 372 378 374 379 377 371 378 387 386 390 382
84 221 1 229 236 219 217 220 223 231 246 253 259 263 262
84 221 2 366 375 359 362 357 363 365 392 395 406 408 403
85 221 1 249 233 240 227 237 244 244 270 270 287 287 273
85 221 2 395 374 379 373 388 386 386 408 421 435 433 417
86 221 1 269 259 250 269 278 277 291 300 308 327 327 319
86 221 2 395 392 403 423 431 427 432 448 466 481 463 464
87 221 1 316 315 255 257 277 265 272 289 301 311 312 314
87 221 2 448 446 393 384 395 390 379 410 425 435 428 424
88 221 1 305 300 305 301 299 313 315 324 334 333 338 331
88 221 2 419 430 432 438 447 444 440 453 466 474 452 455
89 221 1 318 327 329 325 328 347 344 365 374 381 385 364
89 221 2 435 461 467 462 476 483 479 505 528 537 525 539
90 221 1 360 365 357 336 351 377 382 398 403 404 410 394
90 221 2 489 498 503 495 506 514 513 536 546 557 555 551
91 221 1 396 385 383 388 397 412 416 431 439 453 448 425
91 221 2 520 524 526 535 541 553 555 575 591 602 597 594
91 221 3 504 508 496 485 495 513 516 539 550 563 569 554
92 221 1 421 412 391 401 422 416 436 434 443 445 448 450
92 221 2 564 551 557 581 577 566 571 582 588 598 607 610
92 221 3 547 512 517 519 516 514 527 541 551 562 569 568
93 221 1 443 453 452 440 458 462 464 470 473 489 489 488
93 221 2 578 589 605 607 612 614 607 619 624 647 652 649
93 221 3 548 583 570 560 572 569 566 576 585 610 603 614
94 221 1 462 460 445 443 455 453 443 478 501 501 518 530
94 221 2 601 608 616 623 625 625 602 629 658 684 704 705
94 221 3 585 587 560 546 575 575 552 596 628 639 656 665
95 221 1 509 511 508 504 507 515 517 548 557 568 586 585
95 221 2 684 688 707 710 710 712 698 730 755 771 774 776
95 221 3 637 641 638 638 640 641 627 656 691 712 710 725
96 221 1 554 560 549 535 565 566 571 595 605 614 638 625
96 221 2 755 746 749 760 780 772 764 805 813 812 847 852
96 221 3 710 702 700 692 680 684 670 719 726 720 777 782
83 231 1 98 94 97 95 97 94 93 94 97 96 97 99
83 231 2 155 151 157 157 157 155 150 153 157 157 158 159
84 231 1 97 101 92 88 90 90 90 99 101 105 109 108
84 231 2 156 159 157 150 149 153 149 157 165 169 170 170
85 231 1 106 89 102 95 100 101 100 108 113 122 125 124
85 231 2 165 158 159 162 163 164 161 170 182 187 190 190
86 231 1 127 121 118 120 126 122 129 135 140 146 146 148
86 231 2 186 181 185 190 197 194 197 205 211 218 213 216
87 231 1 144 144 119 121 126 123 126 132 140 146 150 150
87 231 2 205 203 174 178 185 180 179 188 201 209 203 206
88 231 1 149 147 148 143 141 148 143 149 158 162 157 163
88 231 2 203 202 207 206 206 211 204 212 226 230 220 232
89 231 1 163 165 168 157 152 154 160 171 182 186 190 191
89 231 2 222 227 230 226 227 232 228 239 252 258 259 259
90 231 1 186 183 179 168 174 169 172 197 201 202 205 200
90 231 2 247 249 248 246 247 243 249 260 274 275 268 281
91 231 1 201 191 188 189 185 189 192 195 200 205 205 199
91 231 2 271 260 266 264 262 268 266 279 286 277 284 284
92 231 1 197 185 183 186 195 189 194 195 205 209 211 212
92 231 2 274 260 260 263 260 262 265 265 275 278 279 280
92 231 3 238 237 226 234 236 236 233 233 242 244 245 246
93 231 1 210 215 221 215 218 218 217 219 227 232 233 232
93 231 2 279 292 296 295 290 290 287 291 301 306 307 310
93 231 3 245 255 259 258 255 254 251 255 263 268 269 272
94 231 1 224 208 216 207 208 208 208 217 225 244 258 262
94 231 2 304 298 292 288 290 289 292 297 305 329 336 343
94 231 3 266 261 255 252 253 252 254 259 266 289 293 298
95 231 1 255 267 255 241 226 232 235 249 262 273 273 281
95 231 2 342 340 342 328 321 325 327 336 356 359 359 367
95 231 3 299 298 298 288 295 315 317 322 341 345 345 374
96 231 1 277 276 272 265 267 271 277 289 298 310 310 322
96 231 2 356 339 363 370 361 368 371 386 390 403 405 433
96 231 3 327 322 348 355 346 353 358 370 374 387 389 415
97 231 1 323 312 306 299 298 306 309 310 326 340 347 332
97 231 2 421 412 417 410 401 411 414 415 426 440 450 449
97 231 3 404 396 401 394 385 395 397 398 409 431 432 431
83 241 1 93 91 93 91 94 87 91 91 98 98 101 101
83 241 2 162 160 164 162 164 159 159 165 172 168 173 164
84 241 1 100 102 95 86 89 88 88 90 101 104 108 106
84 241 2 164 162 160 151 148 148 147 151 169 168 172 172
85 241 1 105 100 100 91 95 92 91 100 107 114 114 113
85 241 2 168 160 159 154 156 160 152 165 172 177 172 175
86 241 1 115 109 107 109 109 105 109 114 122 127 128 127
86 241 2 170 170 169 178 177 174 175 186 195 197 193 197
87 241 1 129 127 113 107 109 101 103 109 120 125 127 130
87 241 2 190 190 185 165 160 160 160 170 185 189 191 189
88 241 1 127 123 125 118 118 119 120 120 132 137 139 139
88 241 2 184 186 186 184 186 183 186 190 206 210 205 202
89 241 1 133 133 135 127 135 136 133 143 154 158 158 159
89 241 2 205 203 206 205 208 208 204 211 227 226 229 227
90 241 1 160 153 150 140 149 160 155 168 171 173 176 170
90 241 2 217 219 222 211 224 222 231 237 246 253 254 250
91 241 1 171 161 158 163 156 164 166 166 178 182 177 184
91 241 2 246 243 239 237 236 246 246 254 268 268 266 272
92 241 1 184 170 162 166 172 159 162 162 180 181 183 192
92 241 2 267 249 248 257 257 247 256 259 266 268 271 279
92 241 3 202 216 202 200 199 198 205 210 213 214 213 214
93 241 1 189 191 189 181 181 181 182 179 191 191 197 204
93 241 2 270 274 270 271 271 271 272 276 274 282 278 292
93 241 3 216 219 210 209 217 217 218 221 214 226 222 226
94 241 1 184 192 189 186 186 180 182 189 201 204 215 228
94 241 2 280 279 276 273 276 270 278 285 286 288 307 316
94 241 3 224 223 221 218 221 216 222 223 229 230 232 234
95 241 1 225 225 231 215 213 208 203 212 228 234 238 241
95 241 2 313 312 314 316 305 303 298 313 325 328 335 344
95 241 3 250 249 243 242 240 238 242 242 260 254 256 259
96 241 1 245 245 242 233 235 234 236 246 255 260 260 269
96 241 2 343 344 339 337 332 330 346 365 367 371 380 375
96 241 3 268 266 268 264 266 264 265 292 292 296 298 300
97 241 1 275 261 268 262 263 253 267 274 280 302 303 298
97 241 2 384 370 376 381 382 384 394 405 415 426 431 435
97 241 3 302 294 301 305 306 307 315 324 332 330 345 348
92 242 1 27 27 27 27 27 26 27 27 28 27 27 28
92 242 2 45 48 47 47 45 46 45 46 45 46 47 46
93 242 1 27 28 30 30 30 28 30 32 31 31 32 30
93 242 2 41 41 50 51 51 50 50 51 52 53 53 53
93 242 3 37 37 45 46 46 45 46 47 48 48 48 48
94 242 1 30 30 31 29 29 29 30 31 31 31 31 34
94 242 2 51 49 50 50 49 49 46 51 51 52 52 55
94 242 3 30 31 39 40 40 44 38 36 37 38 37 47
95 242 1 32 34 35 33 34 33 33 33 33 34 35 36
95 242 2 54 55 56 55 57 52 50 51 56 56 56 60
95 242 3 48 50 47 50 51 47 45 46 48 50 51 54
96 242 1 36 36 38 36 36 35 35 37 37 37 37 39
96 242 2 57 57 60 60 58 58 56 60 60 60 60 62
96 242 3 51 51 54 54 52 52 51 52 53 54 54 56
97 242 1 38 40 39 39 41 42 42 44 46 47 48 50
97 242 2 60 58 56 64 64 67 64 67 67 69 69 77
97 242 3 60 53 51 58 58 61 58 61 62 65 65 71
83 251 1 442 424 439 422 422 400 404 403 437 447 440 450
83 251 2 694 679 693 695 695 657 648 668 697 733 725 745
84 251 1 454 461 462 398 435 411 413 425 436 507 497 488
84 251 2 695 702 705 655 662 674 642 671 704 736 736 749
85 251 1 488 478 492 446 458 464 444 470 495 529 540 523
85 251 2 729 719 705 715 718 713 682 704 763 761 760 756
86 251 1 540 524 520 514 536 506 514 534 534 595 599 613
86 251 2 730 788 800 813 828 802 806 833 833 876 821 856
87 251 1 607 601 515 497 515 475 461 525 529 552 561 566
87 251 2 790 829 763 731 734 689 667 705 756 765 744 768
88 251 1 566 565 572 549 545 551 529 533 550 593 609 591
88 251 2 767 788 800 810 810 802 790 799 824 800 825 804
89 251 1 601 601 591 576 582 575 572 597 621 647 643 637
89 251 2 811 838 815 840 841 859 838 864 885 913 894 900
90 251 1 629 649 634 561 583 593 567 606 605 628 635 638
90 251 2 881 845 889 839 836 855 856 838 881 928 917 893
91 251 1 636 649 658 646 640 635 617 601 647 678 683 665
91 251 2 893 911 928 910 911 915 894 864 958 970 978 962
92 251 1 657 620 649 660 666 627 605 621 654 683 673 673
92 251 2 957 878 949 961 944 923 904 915 944 977 968 971
92 251 3 805 803 840 843 848 865 813 836 882 856 880 900
93 251 1 675 692 693 692 684 655 646 652 667 645 682 689
93 251 2 938 983 981 966 945 944 949 947 974 944 981 971
93 251 3 864 921 887 893 865 873 867 862 870 853 870 884
94 251 1 700 694 715 684 675 666 659 673 700 715 760 787
94 251 2 957 967 981 967 959 941 939 962 985 1006 1049 1056
94 251 3 890 888 906 898 873 872 872 860 909 845 968 997
95 251 1 778 801 805 776 770 732 700 749 774 786 812 826
95 251 2 1062 1077 1076 1095 1081 1036 1004 1078 1103 1124 1149 1166
95 251 3 999 998 1009 1038 1009 967 897 965 919 1052 1052 1079
96 251 1 827 841 845 816 818 789 789 752 814 880 890 908
96 251 2 1097 1103 1138 1155 1138 1126 1152 1143 1157 1226 1214 1277
96 251 3 933 1043 1053 1048 1009 1057 1019 1062 1087 1136 1140 1180
83 261 1 121 119 117 103 100 98 97 96 101 117 117 126
83 261 2 184 182 182 168 165 162 161 163 166 190 194 194
84 261 1 124 129 115 106 101 100 97 101 106 128 134 138
84 261 2 192 192 184 176 170 162 159 162 182 198 201 209
85 261 1 144 134 128 112 113 111 111 112 124 140 139 143
85 261 2 209 204 194 185 186 182 182 182 203 210 201 205
86 261 1 145 140 128 127 126 120 124 122 131 148 148 149
86 261 2 202 203 199 196 194 194 194 197 216 220 215 219
87 261 1 148 152 132 126 126 113 111 114 128 140 143 148
87 261 2 211 213 208 187 191 185 170 175 197 207 204 209
88 261 1 144 143 135 131 129 127 123 125 124 152 155 159
88 261 2 200 203 208 198 199 200 191 193 213 220 219 225
89 261 1 162 166 162 154 151 152 139 151 163 171 177 175
89 261 2 227 235 233 228 228 221 212 222 244 244 240 244
90 261 1 182 179 180 161 151 155 147 164 168 181 185 189
90 261 2 253 233 238 233 216 225 223 229 241 251 261 257
91 261 1 188 207 182 178 167 173 172 168 172 190 192 196
91 261 2 265 255 253 258 245 248 247 251 252 265 267 266
92 261 1 195 189 180 171 177 166 167 166 175 184 185 175
92 261 2 267 260 252 250 250 249 237 242 257 264 259 251
92 261 3 243 236 229 227 227 226 215 220 234 240 235 228
93 261 1 193 194 202 200 184 176 174 171 175 185 187 200
93 261 2 261 265 278 280 253 250 230 252 255 267 273 273
93 261 3 237 241 253 235 230 225 207 229 232 232 232 234
94 261 1 198 200 202 188 175 176 176 175 181 197 206 218
94 261 2 261 266 276 270 250 249 247 247 256 277 291 291
94 261 3 225 243 230 225 230 230 223 224 225 237 239 243
95 261 1 224 224 232 213 199 194 194 194 199 212 217 228
95 261 2 298 298 314 314 292 283 283 285 290 303 299 306
95 261 3 243 242 234 243 242 252 255 255 257 261 263 268
96 261 1 232 238 241 224 217 213 209 211 218 235 246 252
96 261 2 304 314 325 318 308 307 308 306 320 333 340 344
96 261 3 267 263 262 256 264 264 272 272 281 284 283 301
97 261 1 255 250 245 241 235 232 227 228 242 254 265 271
97 261 2 344 340 340 342 341 334 327 333 347 354 368 377
83 271 1 82 82 85 85 84 79 82 80 84 85 88 90
83 271 2 123 123 127 140 134 128 125 127 132 133 134 138
84 271 1 93 96 93 88 88 89 87 91 93 100 102 103
84 271 2 139 141 142 145 133 138 134 139 146 150 153 153
85 271 1 106 103 105 102 103 104 102 106 109 115 115 116
85 271 2 153 156 153 155 155 156 155 158 169 167 167 170
86 271 1 119 118 118 120 118 118 120 120 120 126 127 122
86 271 2 167 166 165 170 171 169 172 171 175 179 178 179
87 271 1 126 129 121 113 118 113 111 118 121 127 131 132
87 271 2 173 174 164 153 161 158 158 163 167 179 172 174
88 271 1 132 131 134 132 126 131 131 127 134 135 130 137
88 271 2 175 178 174 185 183 188 184 180 184 182 185 187
89 271 1 143 140 137 140 139 144 142 145 147 147 148 142
89 271 2 190 193 190 196 192 201 196 200 199 195 196 190
90 271 1 145 147 152 138 142 142 138 152 147 148 155 155
90 271 2 192 198 202 199 196 198 194 200 203 211 210 209
91 271 1 155 157 152 159 156 150 150 155 148 162 162 159
91 271 2 205 209 209 219 220 217 217 218 218 223 220 223
92 271 1 161 158 159 162 164 152 157 158 160 163 166 164
92 271 2 215 212 214 195 222 211 217 219 217 223 224 221
93 271 1 170 169 174 166 166 160 160 162 167 169 170 174
93 271 2 219 221 226 227 227 225 221 223 229 230 229 231
93 271 3 220 220 216 210 219 217 209 213 220 220 220 225
94 271 1 188 187 183 182 180 173 175 176 179 186 197 200
94 271 2 245 247 255 252 248 244 242 246 248 263 264 261
94 271 3 244 237 246 244 236 237 232 238 237 240 252 258
95 271 1 192 200 202 194 184 184 178 184 181 191 195 199
95 271 2 254 265 270 271 265 256 252 254 258 264 262 265
95 271 3 247 259 256 258 246 252 235 247 235 252 255 255
96 271 1 200 209 217 197 190 184 189 193 195 206 214 216
96 271 2 264 277 290 284 262 268 264 262 264 285 286 277
96 271 3 260 258 272 268 260 249 256 265 260 261 263 271
97 271 1 218 213 212 218 211 207 208 211 219 227 224 232
97 271 2 282 282 279 292 286 287 286 287 295 296 297 303
97 271 3 262 262 272 271 276 276 277 277 279 285 289 293
83 281 1 484 468 500 487 502 491 497 495 505 507 510 521
83 281 2 786 745 782 809 800 819 802 795 805 825 815 827
84 281 1 520 539 536 517 525 540 537 541 550 564 567 588
84 281 2 811 801 847 820 841 847 851 848 873 871 896 901
85 281 1 597 609 621 576 593 587 576 612 603 638 638 612
85 281 2 858 894 907 894 902 911 901 920 932 961 940 928
86 281 1 648 661 627 687 660 655 669 674 695 702 692 692
86 281 2 940 936 928 975 1019 1014 1002 1026 1014 1046 1006 1010
87 281 1 694 728 647 619 628 612 624 631 637 679 672 676
87 281 2 991 1012 919 932 926 930 904 909 962 991 982 936
88 281 1 688 744 703 709 730 703 687 693 720 721 720 708
88 281 2 946 973 999 1041 1046 1075 1041 1029 1073 1089 1058 1040
89 281 1 730 739 756 752 748 763 755 767 783 777 793 751
89 281 2 1034 1051 1052 1112 1099 1105 1103 1114 1150 1132 1110 1111
90 281 1 770 776 805 755 756 756 730 765 768 796 791 719
90 281 2 1044 1079 1128 1083 1095 1114 1085 1060 1097 1083 1103 977
91 281 1 756 777 758 804 814 827 789 798 785 839 812 808
91 281 2 1088 1075 1130 1131 1179 1187 1195 1192 1215 1212 1171 1148
92 281 1 801 787 812 834 849 822 830 827 827 848 847 842
92 281 2 1139 1141 1205 1226 1220 1191 1219 1220 1222 1231 1158 1150
92 281 3 900 938 947 949 1054 950 1061 1061 1061 972 959 961
93 281 1 853 869 915 911 892 870 875 874 894 901 906 922
93 281 2 1169 1219 1283 1303 1289 1183 1267 1271 1268 1250 1250 1215
93 281 3 939 987 1018 1033 1038 1032 1019 1019 1024 1024 988 978
94 281 1 921 931 940 919 929 920 885 916 946 943 957 1008
94 281 2 1233 1231 1267 1301 1333 1315 1296 1309 1317 1302 1295 1320
94 281 3 1170 1172 1256 1058 1062 1060 1042 1061 1066 1072 1008 1004
95 281 1 1007 1028 1045 1018 990 985 998 997 1022 1069 1041 999
95 281 2 1342 1381 1408 1433 1425 1399 1308 1419 1471 1470 1442 1423
95 281 3 988 995 1029 1104 1067 1078 1070 1088 1095 1096 1104 1152
96 281 1 1021 1063 1089 1035 1068 1042 1046 1051 1084 1110 1093 1131
96 281 2 1410 1451 1525 1506 1532 1505 1510 1440 1560 1508 1505 1513
96 281 3 1144 1170 1165 1152 1156 1151 1176 1184 1233 1216 1200 1193
97 281 1 1133 1110 1100 1126 1098 1099 1106 1108 1137 1181 1186 1194
97 281 2 1524 1507 1555 1608 1539 1589 1596 1594 1644 1644 1572 1572
97 281 3 1219 1206 1276 1198 1246 1271 1277 1286 1315 1315 1399 1399
83 291 1 607 576 633 678 677 713 730 791 779 783 790 747
83 291 2 836 856 890 921 913 971 917 1046 1024 1055 1052 949
84 291 1 680 765 741 696 734 793 806 847 809 885 842 840
84 291 2 858 981 932 901 884 1013 1021 1050 961 1133 1031 1070
85 291 1 846 856 797 829 851 834 854 834 853 892 862 840
85 291 2 1092 1062 1008 1047 1036 1037 1128 1016 1055 1155 1080 1098
86 291 1 847 820 751 877 870 886 903 874 930 901 926 938
86 291 2 1030 952 1042 1056 1070 1089 1099 1083 1143 1130 1169 1151
87 291 1 960 906 799 806 736 768 781 787 850 860 882 908
87 291 2 1230 1004 971 931 862 915 900 863 974 966 1161 992
88 291 1 906 901 948 928 940 929 874 934 936 932 851 899
88 291 2 1178 1030 1110 1153 1172 1127 1015 1112 1137 1080 1049 1088
89 291 1 953 931 939 940 949 960 959 966 990 971 1015 920
89 291 2 1282 1105 1236 1080 1147 1142 1125 1165 1180 1163 1150 1174
89 291 3 1319 1282 1316 1300 1367 1322 1320 1347 1354 1364 1399 1278
90 291 1 953 984 1015 925 913 864 989 914 1053 1019 1012 997
90 291 2 1103 1230 1268 1069 1123 1111 1336 1051 1261 1165 1127 1235
90 291 3 1322 1342 1421 1232 1318 1280 1527 1256 1482 1469 1348 1475
91 291 1 984 955 921 1016 927 985 1059 1057 1026 1064 1018 941
91 291 2 1149 1064 1078 1320 1213 1192 1261 1221 1236 1235 1179 1106
91 291 3 1399 1281 1319 1546 1437 1330 1490 1477 1487 1499 1436 1332
92 291 1 1025 1081 1036 1043 971 994 1042 998 1043 1048 954 956
92 291 2 1239 1290 1182 1183 1095 1106 1106 1094 1061 1119 1034 1052
92 291 3 1490 1509 1449 1470 1329 1266 1363 1374 1396 1380 1323 1337
93 291 1 985 948 1024 1054 997 970 1027 959 973 943 999 962
93 291 2 1051 1044 1213 1176 997 995 955 965 1014 993 990 1022
93 291 3 1314 1267 1463 1435 1191 1270 1246 1273 1337 1270 1350 1312
94 291 1 995 945 939 918 883 843 835 890 856 902 937 910
94 291 2 952 882 930 1009 926 841 847 936 873 931 1003 1010
94 291 3 1286 1399 1248 1048 1177 1162 1189 1239 1180 1235 1292 1247
95 291 1 945 873 982 885 873 898 1066 1082 1067 1088 1099 1117
95 291 2 849 817 1075 860 1035 1044 1073 1055 1072 1123 1102 1150
95 291 3 1202 1197 1333 1240 1249 1354 1404 1420 1395 1380 1454 1491
96 291 1 1114 1150 1150 1132 1130 1129 1206 1162 1148 1130 1074 1097
96 291 2 1234 1249 1190 1227 1207 1192 1329 1219 1224 1224 1198 1219
96 291 3 1527 1580 1496 1495 1488 1474 1599 1566 1467 1473 1457 1497
97 291 1 1136 1137 1089 1200 1115 1163 1158 1140 1212 1240 1216 1238
97 291 2 1272 1269 1211 1318 1245 1246 1252 1234 1331 1345 1285 1379
97 291 3 1508 1463 1490 1596 1492 1561 1577 1545 1612 1572 1512 1678
82 301 1 2016 2099 2143 2147 2191 2234 2226 2217 2185 2185 2174 2041
82 301 2 2659 2805 2841 2951 2988 3028 3044 3005 2942 2909 2859 2793
83 301 1 1997 2014 2113 2140 2215 2225 2224 2196 2256 2244 2256 2231
83 301 2 2672 2623 2753 2889 2976 3024 3007 3037 2991 2978 2961 2907
84 301 1 2246 2347 2357 2349 2438 2432 2429 2492 2464 2513 2491 2408
84 301 2 2947 2965 3042 3100 3222 3243 3245 3228 3242 3165 3170 3118
85 301 1 2449 2507 2546 2548 2579 2557 2600 2694 2700 2724 2695 2656
85 301 2 3016 3163 3227 3320 3384 3369 3346 3448 3346 3368 3267 3308
86 301 1 2624 2687 2758 2826 2820 2836 2840 2897 2947 2958 2904 2826
86 301 2 3272 3345 3498 3578 3722 3698 3701 3788 3778 3718 3635 3555
87 301 1 2834 2968 2922 2949 2965 2984 3051 3092 3171 3110 3083 3042
87 301 2 3524 3720 3691 3819 3858 3901 3937 3989 3984 3822 3903 3871
88 301 1 3047 3097 3190 3199 3256 3301 3260 3387 3453 3334 3261 3233
88 301 2 3859 3868 4019 4225 4232 4274 4263 4314 4382 4290 4081 3951
89 301 1 3268 3319 3291 3373 3410 3503 3509 3608 3559 3462 3469 3375
89 301 2 4005 4078 4019 4185 4356 4403 4330 4484 4364 4258 4051 3992
89 301 3 3896 4088 4113 4356 4402 4540 4501 4580 4513 4381 4216 4255
90 301 1 3391 3385 3382 3135 3298 3399 3442 3504 3493 3475 3395 3190
90 301 2 4118 4069 4031 4030 4076 4192 4250 4183 4253 4112 4043 3965
90 301 3 4126 4139 4213 4136 4263 4516 4474 4574 4510 4416 4201 4098
91 301 1 3194 3271 3451 3456 3497 3576 3608 3664 3655 3634 3551 3390
91 301 2 3859 3974 4021 4163 4352 4445 4447 4420 4418 4271 4182 4298
91 301 3 4058 4270 4369 4469 4778 4808 4837 4838 4751 4699 4476 4374
92 301 1 3391 3460 3454 3483 3560 3572 3591 3598 3555 3484 3426 3382
92 301 2 3940 4011 4014 4261 4289 4378 4392 4387 4416 4260 4134 4150
92 301 3 4270 4456 4495 4661 4725 4767 4763 4588 4290 4278 4126 3957
93 301 1 3400 3514 3630 3566 3665 3675 3759 3748 3777 3696 3574 3483
93 301 2 4168 4142 4222 4369 4440 4457 4470 4435 4472 4345 4192 4214
93 301 3 4132 4249 4315 4370 4390 4437 4528 4512 4496 4342 4187 4132
94 301 1 3390 3512 3554 3546 3601 3546 3603 3652 3688 3707 3457 3512
94 301 2 4107 4226 4262 4275 4411 4494 4563 4491 4561 4426 4177 4457
94 301 3 3952 4197 4232 4416 4428 4540 4569 4545 4537 4504 4228 4369
95 301 1 3637 3686 3796 3772 3837 3820 3836 3963 3924 3897 3778 3687
95 301 2 4443 4580 4580 4837 4864 4716 4996 4899 4914 4765 4854 4728
95 301 3 4313 4425 4607 4747 4853 4850 4980 4928 4924 4878 4613 4641
96 301 1 3729 3909 3912 3988 4120 4240 4298 4374 4530 4371 4308 4226
96 301 2 4806 4804 4756 4989 5284 5438 5414 5455 5428 5291 5246 5163
96 301 3 4685 4835 4880 4878 4883 5349 5361 5386 5273 5213 5190 5002
97 301 1 4134 4281 4297 4299 4394 4407 4479 4539 4670 4522 4538 4262
97 301 2 4863 5011 5273 5485 5633 5676 5774 5759 5759 5579 5419 5086
97 301 3 4884 4990 5193 5538 5666 5691 5772 5731 5661 5427 5246 5356
82 321 1 289 304 310 284 303 307 322 266 239 297 310 304
82 321 2 390 402 409 390 423 440 437 393 405 423 416 412
83 321 1 315 279 279 279 328 354 354 292 303 286 325 327
83 321 2 425 392 396 418 448 476 483 433 440 419 448 455
84 321 1 359 378 370 366 381 366 381 367 383 392 382 383
84 321 2 523 517 492 499 526 493 557 511 524 525 494 509
85 321 1 370 384 457 443 391 393 401 397 408 414 410 413
85 321 2 504 500 557 564 523 534 526 528 537 564 518 528
86 321 1 423 438 463 471 449 416 419 422 434 434 447 441
86 321 2 578 541 594 613 576 551 555 567 571 557 559 566
87 321 1 441 457 481 475 455 493 512 495 474 498 489 493
87 321 2 566 563 616 632 599 650 666 669 618 620 606 616
88 321 1 488 522 506 484 482 455 479 466 509 493 502 484
88 321 2 602 676 619 625 628 631 633 630 653 632 625 616
89 321 1 559 534 541 505 509 494 506 514 531 523 516 500
89 321 2 700 673 676 638 643 629 653 665 699 675 627 612
90 321 1 553 543 524 485 474 479 494 480 496 502 508 497
90 321 2 672 674 661 612 615 623 643 636 649 651 640 656
91 321 1 509 534 521 535 506 502 519 514 517 519 518 521
91 321 2 648 649 640 708 659 672 661 698 692 661 674 692
92 321 1 537 534 529 529 547 514 510 513 535 522 516 499
92 321 2 688 677 671 699 693 688 665 667 686 680 668 668
92 321 3 676 646 658 710 694 675 675 691 703 703 659 616
93 321 1 538 539 570 581 535 557 559 549 561 581 581 574
93 321 2 692 702 696 762 697 731 746 714 743 748 726 726
93 321 3 672 687 687 687 683 767 726 729 659 756 756 756
94 321 1 601 616 612 599 582 582 575 583 599 635 625 647
94 321 2 774 767 778 756 739 772 759 774 790 810 803 817
94 321 3 744 755 755 760 745 782 758 775 788 804 772 809
95 321 1 676 685 682 650 651 640 638 640 706 711 704 647
95 321 2 836 839 855 934 886 872 896 893 941 928 922 830
95 321 3 826 818 851 867 844 844 844 814 920 910 892 843
96 321 1 685 715 717 682 658 653 683 679 678 701 694 694
96 321 2 868 877 885 895 895 896 908 919 927 896 872 872
96 321 3 816 837 858 877 833 833 891 891 866 872 858 858
97 321 1 707 737 723 714 702 708 709 722 735 730 754 786
97 321 2 912 913 923 936 939 945 958 1001 970 941 929 955
97 321 3 884 913 889 914 903 917 909 956 914 893 930 951
82 331 1 1627 1762 1756 1639 1641 1714 1723 1754 1773 1811 1924 1920
82 331 2 2304 2386 2474 2432 2526 2548 2549 2598 2613 2713 2691 2617
83 331 1 1967 1998 2061 1935 1972 1854 1835 1852 1848 1882 1995 2037
83 331 2 2632 2687 2788 2778 2787 2613 2682 2697 2616 2640 2640 2714
84 331 1 2142 2217 2062 1982 2058 1942 1954 1942 1879 2020 2033 2036
84 331 2 2819 2833 2821 2804 2881 2775 2735 2710 2664 2786 2793 2768
85 331 1 2102 2184 2238 2154 2025 1945 1999 2028 2020 2114 2160 2154
85 331 2 2805 2924 2951 2952 2808 2754 2809 2816 2763 2853 2869 2895
86 331 1 2322 2321 2363 2332 2224 2147 2126 2195 2196 2260 2353 2333
86 331 2 3009 3089 3093 3181 3065 2981 2898 2979 3016 3003 3085 3140
87 331 1 2394 2484 2368 2374 2252 2180 2235 2215 2261 2296 2372 2466
87 331 2 3171 3159 3042 3180 3188 2891 3007 3002 3031 3027 3149 3168
88 331 1 2574 2410 2562 2443 2294 2291 2243 2301 2372 2287 2272 2514
88 331 2 3386 3232 3233 3209 3084 3060 3049 3054 3211 3068 3047 3288
89 331 1 2516 2541 2586 2527 2375 2363 2320 2434 2447 2426 2539 2588
89 331 2 3069 3179 3160 3271 3251 3087 3086 3226 3178 3122 3383 3317
89 331 3 3257 3334 3295 3344 3227 2967 2942 3124 3119 3240 3494 3387
90 331 1 2800 2646 2776 2545 2300 2291 2179 2249 2314 2449 2565 2447
90 331 2 3379 3143 3303 3231 3079 3105 3091 3256 3268 3271 3119 2954
90 331 3 3503 3373 3469 3204 2934 2970 2828 2933 3173 3294 3295 3293
91 331 1 2524 2569 2594 2576 2425 2437 2361 2398 2391 2535 2513 2648
91 331 2 3084 3213 3313 3420 3236 3291 3165 3217 3305 3291 3220 3318
91 331 3 3301 3307 3370 3341 3060 3062 2864 3029 3078 3316 3357 3488
92 331 1 2570 2682 2634 2569 2506 2508 2435 2365 2417 2488 2498 2524
92 331 2 3174 3233 3300 3378 3322 3344 3260 3139 3257 3187 3102 3144
92 331 3 3387 3291 3362 3293 3124 3211 3058 2888 3160 3380 3232 3193
93 331 1 2656 2719 2760 2658 2520 2446 2478 2412 2493 2544 2687 2732
93 331 2 3214 3335 3336 3457 3391 3283 3298 3293 3245 3274 3395 3439
93 331 3 3415 3491 3466 3429 3277 3054 3141 3099 3266 3334 3501 3563
94 331 1 2666 2969 2733 2553 2623 2422 2422 2475 2615 2683 2794 2991
94 331 2 3374 3531 3436 3428 3443 3263 3310 3335 3421 3481 3487 3710
94 331 3 3580 3656 3587 3318 3300 3169 3067 3053 3396 3534 3624 3677
95 331 1 3106 2990 3045 2778 2710 2634 2693 2835 2710 2740 2832 2915
95 331 2 3630 3645 3708 3568 3624 3472 3541 3660 3695 3528 3684 3646
95 331 3 3770 3740 3699 3511 3405 3178 3211 3444 3454 3577 3786 3722
96 331 1 3186 3158 3190 3078 2714 2725 2747 2777 2809 2952 3002 3212
96 331 2 3899 3863 3957 3939 3537 3627 3562 3595 3654 3680 3646 3897
96 331 3 3891 3968 3936 3889 3357 3314 3245 3358 3375 3666 3791 3863
97 331 1 3206 3339 3162 3098 2950 2920 2978 2958 3047 3129 3286 3293
97 331 2 4059 4019 4043 3913 3929 3900 3864 3839 3942 4032 4125 4228
97 331 3 4021 4112 4039 3787 3598 3621 3537 3625 3875 3986 4231 4272
82 333 1 395 422 412 399 398 412 416 414 417 421 432 425
82 333 2 604 636 605 622 640 650 662 657 652 661 673 657
83 333 1 427 449 435 420 426 416 423 413 420 424 432 443
83 333 2 640 663 644 671 669 645 670 662 652 633 640 647
84 333 1 469 490 457 434 446 441 442 445 438 450 458 458
84 333 2 658 673 677 656 667 664 673 666 662 667 672 669
85 333 1 471 495 497 486 458 441 466 481 464 470 495 498
85 333 2 671 716 696 708 689 691 709 713 699 696 722 710
86 333 1 534 538 532 531 520 512 504 509 513 530 546 546
86 333 2 756 737 747 756 771 785 761 768 757 773 763 764
87 333 1 567 588 554 583 549 531 548 544 554 571 572 586
87 333 2 780 827 807 843 833 817 836 821 818 829 791 809
88 333 1 624 593 606 585 562 550 549 558 574 558 560 592
88 333 2 849 814 835 858 839 835 836 836 837 817 807 831
89 333 1 617 624 625 621 585 586 591 606 617 596 616 629
89 333 2 838 854 856 887 885 885 896 899 907 869 890 875
89 333 3 813 800 767 780 768 697 705 750 749 770 874 841
90 333 1 687 686 674 625 599 600 600 620 621 648 673 650
90 333 2 930 934 934 896 899 913 915 925 927 938 933 927
90 333 3 903 882 867 800 723 732 716 716 737 783 931 906
91 333 1 650 659 665 652 630 648 639 652 646 675 666 678
91 333 2 907 930 931 958 947 967 972 977 968 981 971 947
91 333 3 883 917 913 923 928 955 969 957 967 949 928 932
92 333 1 681 691 688 679 646 646 639 642 661 677 683 694
92 333 2 957 956 982 976 981 966 969 971 981 983 965 981
92 333 3 925 951 952 952 942 944 944 961 988 966 921 957
93 333 1 740 758 749 733 694 688 705 690 698 725 753 742
93 333 2 1026 1040 1031 1054 1021 1022 1032 1021 1014 1029 1024 1024
93 333 3 1002 1011 999 981 975 1011 1038 1007 971 1009 1032 1014
94 333 1 724 801 768 752 750 710 715 721 753 781 811 854
94 333 2 1022 1053 1057 1079 1090 1062 1087 1072 1082 1108 1116 1163
94 333 3 1013 1053 1050 1042 1046 1059 1070 1078 1075 1084 1104 1156
95 333 1 908 889 888 849 809 799 827 850 845 846 857 889
95 333 2 1185 1218 1207 1203 1199 1197 1223 1213 1221 1240 1241 1222
95 333 3 1171 1195 1182 1184 1164 1177 1222 1212 1222 1179 1174 1201
96 333 1 966 988 967 936 866 863 875 878 885 922 944 1002
96 333 2 1299 1300 1281 1293 1269 1278 1302 1287 1297 1286 1307 1368
96 333 3 1276 1267 1268 1277 1228 1264 1285 1260 1258 1306 1310 1358
97 333 1 1026 1039 1001 981 935 925 946 932 954 971 1025 1047
97 333 2 1342 1360 1379 1394 1414 1396 1403 1390 1390 1378 1368 1418
97 333 3 1311 1350 1350 1396 1371 1376 1384 1365 1365 1347 1361 1393
83 341 1 956 996 1001 1010 1012 1066 1056 1120 1043 1093 1052 1052
83 341 2 1460 1559 1540 1542 1577 1687 1733 1686 1690 1646 1606 1541
84 341 1 1061 1115 1081 1109 1138 1092 1120 1117 1099 1181 1156 1075
84 341 2 1545 1570 1640 1646 1663 1654 1677 1627 1591 1662 1649 1559
85 341 1 1154 1207 1184 1196 1173 1169 1204 1239 1236 1300 1245 1220
85 341 2 1627 1614 1622 1746 1765 1747 1811 1827 1794 1859 1812 1864
86 341 1 1231 1277 1259 1272 1224 1214 1222 1230 1252 1321 1251 1170
86 341 2 1801 1766 1784 1823 1825 1874 1872 1852 1937 1877 1894 1714
87 341 1 1262 1307 1378 1366 1318 1323 1360 1357 1367 1369 1351 1295
87 341 2 1773 1809 1897 1858 1882 1851 2063 1885 1869 1897 2021 1780
88 341 1 1375 1400 1559 1516 1482 1498 1499 1525 1482 1384 1342 1318
88 341 2 1853 1881 2079 2100 2151 2090 2192 2142 1975 1868 1832 1798
89 341 1 1353 1394 1413 1405 1453 1424 1413 1470 1411 1417 1431 1367
89 341 2 1767 1862 1881 1942 2047 2099 2135 1997 2061 2020 2051 1898
90 341 1 1461 1434 1382 1228 1292 1336 1414 1433 1399 1424 1396 1293
90 341 2 1968 1938 1835 1939 2002 2066 2125 2057 2014 1962 1933 1869
91 341 1 1365 1371 1433 1536 1491 1513 1510 1528 1507 1528 1489 1390
91 341 2 1855 1887 2088 2149 2299 2283 2378 2230 2162 2065 2048 2027
92 341 1 1492 1532 1539 1511 1503 1497 1490 1488 1483 1544 1538 1498
92 341 2 2056 2071 2071 2179 2226 2244 2260 2264 2389 2145 2252 2190
92 341 3 2227 2118 2142 2219 2235 2234 2253 1989 2056 2215 2401 2238
93 341 1 1630 1680 1691 1619 1595 1567 1601 1560 1568 1616 1655 1543
93 341 2 2134 2237 2224 2293 2269 2285 2373 2194 2309 2231 2393 2257
93 341 3 1939 2107 2278 2497 2257 2096 2195 2037 2072 2343 2328 2735
94 341 1 1588 1639 1687 1594 1619 1578 1646 1744 1708 1695 1587 1691
94 341 2 2199 2178 2209 2226 2356 2263 2552 2524 2415 2434 2298 2346
94 341 3 2182 2070 2027 2062 2078 2344 2451 2660 2141 2194 2267 2060
95 341 1 1809 1779 1848 1743 1796 1770 1777 1812 1809 1770 1784 1757
95 341 2 2388 2401 2437 2564 2599 2614 2643 2579 2644 2633 2631 2452
95 341 3 2179 2130 1903 2330 2315 2328 2381 2385 2147 2203 2179 2028
96 341 1 1841 1881 1852 1896 1808 1828 1848 1874 1813 1871 1876 1882
96 341 2 2646 2385 2564 2635 2705 2729 2766 2774 2662 2706 2856 2759
96 341 3 2192 2191 2380 2340 2440 2296 2220 2376 2485 2443 2414 2462
97 341 1 1941 1971 1921 1932 1939 1923 2010 1989 2015 2020 2038 2023
97 341 2 2701 2760 2785 2776 3040 2929 2969 2971 2938 2814 2849 2921
97 341 3 2511 2343 2624 2384 2800 2425 2482 2441 2523 2522 2643 2565
83 343 1 928 954 997 966 1038 1037 1059 1079 1038 1036 1039 981
83 343 2 1400 1447 1475 1582 1648 1697 1685 1657 1616 1560 1563 1508
84 343 1 987 1030 1034 1007 1089 1124 1156 1156 1105 1160 1109 1024
84 343 2 1402 1458 1523 1604 1749 1779 1801 1750 1717 1674 1647 1617
85 343 1 1062 1080 1120 1091 1151 1167 1233 1261 1231 1300 1223 1172
85 343 2 1504 1610 1632 1713 1827 1893 1914 1901 1814 1859 1802 1761
86 343 1 1170 1167 1176 1249 1224 1256 1313 1290 1319 1353 1290 1237
86 343 2 1623 1661 1754 1877 1991 2059 2060 2033 1981 1962 1849 1769
87 343 1 1254 1301 1316 1335 1320 1379 1394 1388 1403 1414 1363 1286
87 343 2 1727 1887 1943 2065 2114 2155 2097 2114 2050 2026 1922 1852
88 343 1 1297 1310 1393 1343 1346 1407 1419 1472 1491 1404 1372 1329
88 343 2 1734 1888 1959 2081 2133 2221 2221 2161 2131 2076 1936 1896
89 343 1 1304 1329 1391 1397 1424 1473 1488 1539 1527 1527 1504 1403
89 343 2 1882 1951 2027 2141 2257 2316 2347 2330 2292 2234 2115 2076
90 343 1 1455 1482 1462 1320 1409 1442 1504 1549 1534 1571 1550 1373
90 343 2 1960 2092 2110 2097 2275 2294 2405 2348 2355 2294 2146 2080
91 343 1 1395 1418 1455 1544 1532 1581 1639 1684 1679 1671 1618 1444
91 343 2 1956 2128 2175 2320 2448 2525 2568 2554 2532 2385 2222 2158
92 343 1 1469 1550 1532 1522 1570 1604 1621 1627 1626 1670 1650 1557
92 343 2 2017 2209 2228 2379 2429 2492 2487 2498 2469 2394 2280 2267
92 343 3 1788 1840 1839 1858 1906 1859 1882 1970 1966 2015 2022 2072
93 343 1 1587 1601 1716 1660 1669 1676 1721 1722 1748 1762 1780 1651
93 343 2 2155 2308 2358 2481 2536 2575 2591 2564 2537 2514 2397 2368
93 343 3 1934 1969 2039 2121 2081 2037 1987 2112 2163 2149 2150 2151
94 343 1 1620 1704 1763 1698 1734 1734 1764 1859 1914 1896 1901 1861
94 343 2 2206 2403 2440 2573 2614 2683 2732 2746 2718 2641 2643 2492
94 343 3 1996 2050 2079 2074 2095 2127 2140 2243 2278 2293 2368 2282
95 343 1 1855 1879 1927 1837 1888 1833 1888 1979 1901 2006 1897 1882
95 343 2 2395 2612 2678 2833 2870 2898 2933 2934 2939 2854 2675 2609
95 343 3 2275 2233 2397 2329 2300 2164 2263 2332 2413 2375 2414 2374
96 343 1 1937 1997 1984 1978 1950 1942 2025 2088 2083 2131 2120 2076
96 343 2 2552 2766 2738 2930 3035 3149 3126 3114 3057 2993 2869 2924
96 343 3 2442 2391 2368 2441 2304 2517 2404 2531 2531 2553 2574 2549
97 343 1 2081 2114 2109 2118 2092 2121 2181 2225 2299 2323 2277 2157
97 343 2 2658 2951 2952 3165 3216 3242 3314 3313 3293 3122 3024 2987
97 343 3 2526 2536 2626 2520 2597 2636 2547 2270 2805 2842 2808 2634
82 359 1 3728 3935 4108 3968 4039 4153 4130 4231 4178 4138 4120 3937
82 359 2 5517 5578 5758 5953 6102 6184 6127 6108 6108 6037 5909 5883
83 359 1 3928 4025 4225 4109 4293 4235 4170 4329 4279 4214 4177 4110
83 359 2 5664 5749 5900 6274 6304 6282 6278 6301 6133 6106 6038 6004
84 359 1 4106 4377 4257 4260 4389 4416 4456 4612 4476 4599 4539 4382
84 359 2 5862 5949 6210 6382 6425 6551 6603 6569 6631 6597 6707 6694
85 359 1 4538 4626 4719 4454 4655 4651 4835 4933 4944 5021 4900 4708
85 359 2 6131 6331 6425 6414 6674 6787 6844 6911 6900 6836 6610 6409
86 359 1 4963 4990 5042 5136 5101 5129 5325 5331 5397 5432 5238 5040
86 359 2 6485 6654 6947 7264 7394 7425 7571 7579 7458 7449 7266 7214
87 359 1 5279 5477 5375 5474 5476 5425 5305 5346 5525 5498 5399 5155
87 359 2 6877 7155 7324 7717 7733 7584 7407 7451 7610 7509 7334 7258
88 359 1 5200 5373 5465 5305 5308 5470 5432 5616 5690 5541 5563 5341
88 359 2 6982 7204 7223 7509 7573 7518 7585 7671 7808 7602 7408 7370
89 359 1 5319 5429 5525 5473 5631 5937 5933 6061 5968 5892 5809 5545
89 359 2 7145 7460 7501 7631 8147 8224 8287 8266 8165 8058 7910 7683
90 359 1 5710 5740 5784 4848 5365 5488 5791 6028 5844 5956 5769 5230
90 359 2 7484 7738 7789 7171 7953 7949 8160 8149 8098 8004 7705 7505
91 359 1 5392 5355 5492 5776 5781 5934 6071 6194 6100 6067 5826 5631
91 359 2 7346 7397 7647 7977 8337 8531 8561 8576 8532 8316 7904 8024
92 359 1 5566 5853 5723 5775 5861 5905 6019 5981 6137 6003 6060 5596
92 359 2 7564 7732 7942 8319 9376 8463 8374 8500 8447 8262 8101 8044
92 359 3 7335 7371 7440 7382 7508 7419 7610 7493 7900 7705 7923 7708
93 359 1 5605 5868 6134 6061 6155 6203 6248 6246 6239 6099 6156 5918
93 359 2 7528 7911 8153 8622 8702 8695 8675 8654 8583 8310 8094 8055
93 359 3 8015 7966 7834 7681 7863 7918 7824 8482 8094 8292 7882 8026
94 359 1 5846 6094 6288 6052 6243 6199 6165 6396 6475 6503 6582 6442
94 359 2 7911 8329 8300 8591 8767 8568 8795 8919 8850 8832 8955 8602
94 359 3 7641 7807 7787 7746 8278 7883 7913 7937 8119 8613 7985 8764
95 359 1 6480 6609 6858 6559 6805 6697 6584 6666 6512 6522 6582 6336
95 359 2 8523 8926 9069 9394 9465 9375 9446 9186 9248 9035 8730 8412
95 359 3 8093 8341 8254 8264 8374 8239 8546 8414 8625 8920 8888 8841
96 359 1 6470 6784 6859 6855 6901 6776 7023 7058 7131 7118 7120 6869
96 359 2 8586 9284 9261 9721 9903 9922 9768 9962 9943 9593 9447 9436
96 359 3 8478 8650 8477 8520 8812 8445 8949 8734 9244 9537 9490 9245
97 359 1 6971 7064 7128 7338 7273 7433 7376 7432 7485 7419 7378 6988
97 359 2 9442 9511 964310240103181039810341104001042210062 9614 9612
97 359 3 9060 9254 9059 9059 9280 9251 9054 9309 9452 9546 9546 9228
82 391 1 193 202 210 200 213 216 207 249 222 240 259 234
82 391 2 474 459 402 479 492 508 518 507 498 500 485 493
83 391 1 228 229 251 225 249 226 233 232 244 215 240 236
83 391 2 501 445 481 477 484 456 473 519 470 420 487 438
84 391 1 256 269 278 268 284 281 308 326 293 323 293 282
84 391 2 471 454 505 507 583 479 513 536 573 504 594 547
85 391 1 276 281 325 357 290 294 328 438 437 439 403 391
85 391 2 512 513 592 660 605 503 539 705 715 703 625 632
86 391 1 414 440 457 467 494 542 488 508 515 509 521 494
86 391 2 702 824 789 737 671 670 616 638 651 612 643 600
87 391 1 466 474 462 468 477 488 518 583 575 561 581 590
87 391 2 578 591 607 639 657 642 634 708 709 705 708 734
88 391 1 495 470 468 507 517 485 545 609 630 592 571 600
88 391 2 661 624 638 713 685 645 666 760 803 751 733 761
89 391 1 559 488 498 580 616 652 683 660 705 673 706 671
89 391 2 731 667 723 721 847 866 869 829 868 920 953 920
89 391 3 706 667 704 799 814 858 858 827 872 884 879 930
90 391 1 611 647 754 630 618 647 683 695 663 693 682 670
90 391 2 823 849 905 857 830 841 888 896 902 869 893 885
90 391 3 863 941 952 853 931 874 865 896 891 902 894 886
91 391 1 698 538 575 574 605 673 714 722 800 693 707 591
91 391 2 943 706 776 860 798 892 895 919 1078 918 902 803
91 391 3 927 685 811 865 857 862 870 894 1146 916 937 855
92 391 1 579 598 592 575 606 673 701 701 689 693 699 694
92 391 2 852 892 895 814 821 900 909 884 881 932 935 930
92 391 3 904 830 914 847 832 843 904 880 875 927 930 925
93 391 1 574 601 689 617 680 700 711 703 736 728 705 756
93 391 2 749 864 906 838 890 933 954 886 971 929 926 969
93 391 3 789 878 889 812 848 911 915 909 973 911 935 993
94 391 1 641 702 693 689 715 669 723 769 793 800 891 902
94 391 2 882 964 968 954 1025 929 985 1012 1073 1013 1249 1097
94 391 3 885 1069 946 926 922 918 1009 989 1029 1120 1296 1176
95 391 1 901 833 880 790 834 856 924 938 950 1048 922 894
95 391 2 1065 1139 1107 1042 1039 1078 1173 1232 1244 1329 1209 1097
95 391 3 1132 1190 1149 1029 1036 1062 1166 1197 1233 1386 1202 1119
96 391 1 890 959 974 985 944 923 927 925 952 1033 1041 1007
96 391 2 1114 1192 1234 1217 1156 1149 1138 1165 1131 1226 1217 1232
96 391 3 1125 1198 1201 1188 1127 1083 1085 1095 1156 1192 1254 1235
97 391 1 975 960 955 959 953 957 1007 1046 1016 1139 937 1102
97 391 2 1161 1146 1149 1248 1266 1262 1229 1232 1286 1315 1251 1229
97 391 3 1168 1137 1184 1135 1281 1148 1226 1250 1286 1331 1237 1227
82 401 1 645 685 747 744 772 755 735 759 743 704 701 672
82 401 2 1021 1059 1168 1195 1219 1220 1183 1195 1194 1157 1117 1053
83 401 1 668 685 756 734 740 729 721 727 716 718 706 718
83 401 2 1020 1081 1159 1121 1168 1180 1153 1117 1105 1134 1097 1057
84 401 1 723 772 782 754 778 764 761 776 751 778 763 758
84 401 2 1061 1135 1181 1178 1207 1230 1196 1191 1192 1220 1188 1158
85 401 1 787 838 891 886 874 870 888 920 905 916 909 888
85 401 2 1158 1214 1333 1360 1350 1363 1341 1359 1385 1393 1327 1347
86 401 1 817 773 814 906 919 929 949 944 947 954 954 944
86 401 2 1163 1078 1238 1376 1472 1494 1505 1450 1483 1496 1423 1388
87 401 1 969 998 1069 1076 1046 1030 1037 1046 1056 1060 1040 1026
87 401 2 1364 1467 1631 1593 1610 1644 1618 1577 1581 1583 1528 1522
88 401 1 1045 1072 1176 1141 1104 1094 1090 1142 1140 1097 1084 1088
88 401 2 1490 1532 1689 1677 1688 1687 1662 1658 1668 1663 1553 1595
89 401 1 1051 1045 1122 1169 1159 1204 1184 1188 1184 1175 1159 1155
89 401 2 1499 1520 1723 1746 1810 1830 1800 1793 1806 1793 1692 1680
89 401 3 1347 1475 1632 1710 1681 1737 1767 1680 1731 1687 1601 1592
90 401 1 1149 1168 1239 1145 1166 1184 1194 1208 1175 1206 1190 1136
90 401 2 1627 1687 1792 1719 1849 1804 1798 1736 1790 1824 1700 1615
90 401 3 1498 1582 1727 1597 1734 1744 1704 1682 1705 1747 1644 1566
91 401 1 1158 1179 1266 1312 1301 1299 1282 1303 1290 1290 1252 1196
91 401 2 1626 1721 1844 1893 1972 2016 1947 1909 1913 1944 1816 1691
91 401 3 1570 1536 1815 1814 1904 1864 1826 1816 1858 1818 1754 1621
92 401 1 1226 1294 1300 1305 1296 1300 1314 1295 1308 1320 1298 1298
92 401 2 1693 1800 1922 1936 1985 1991 1930 1887 1931 1985 1850 1740
92 401 3 1618 1688 1851 1881 1899 1916 1924 1737 1661 1682 1633 1603
93 401 1 1329 1356 1466 1434 1401 1413 1406 1413 1404 1393 1405 1372
93 401 2 1811 1932 2085 2034 2029 2038 2079 2043 2019 2068 1971 1855
93 401 3 1617 1607 1790 1808 1805 1773 1779 1835 1760 1789 1824 1808
94 401 1 1364 1431 1498 1471 1475 1447 1446 1492 1526 1516 1495 1532
94 401 2 1809 1976 2124 2092 2098 2164 2108 2123 2204 2153 2109 2035
94 401 3 1753 1787 1875 1817 1812 1794 1832 1877 1924 1902 1905 1961
95 401 1 1519 1548 1656 1599 1640 1641 1617 1658 1639 1590 1636 1617
95 401 2 2007 2147 2319 2295 2388 2394 2324 2362 2376 2343 2294 2231
95 401 3 1935 1921 2015 2046 2013 2049 2058 2073 2090 2047 2157 2098
96 401 1 1613 1614 1684 1718 1698 1683 1697 1723 1715 1724 1735 1720
96 401 2 2171 2280 2356 2453 2516 2524 2516 2487 2517 2483 2408 2332
96 401 3 2098 2013 2091 2131 2086 2098 2075 2075 2431 2180 2132 2260
97 401 1 1712 1768 1824 1846 1799 1813 1814 1827 1866 1855 1824 1828
97 401 2 2252 2475 2597 2589 2641 2640 2615 2629 2642 2544 2439 2449
97 401 3 2189 2218 2228 2188 2232 2298 2177 2301 2299 2283 2219 2356
82 421 1 415 462 474 457 463 476 480 480 472 461 449 452
82 421 2 667 673 714 718 746 756 758 735 746 738 717 720
83 421 1 483 502 504 483 503 502 469 501 495 498 507 498
83 421 2 749 755 791 794 804 824 771 773 774 799 801 765
84 421 1 524 564 549 519 545 546 535 527 522 547 548 512
84 421 2 761 799 814 803 862 845 836 806 799 843 833 823
85 421 1 566 593 592 578 579 577 586 598 585 607 627 602
85 421 2 851 846 886 893 919 919 901 893 884 927 924 898
86 421 1 617 583 558 624 625 642 659 661 664 676 671 641
86 421 2 878 797 827 939 988 994 1004 980 964 995 988 977
87 421 1 691 729 724 712 693 709 710 695 701 704 717 680
87 421 2 988 1034 1064 1067 1059 1081 1052 1037 1017 1040 1038 1019
88 421 1 729 760 788 738 734 766 747 762 759 723 732 730
88 421 2 1046 1073 1111 1116 1130 1135 1112 1084 1089 1080 1076 1081
89 421 1 749 811 793 796 801 829 818 837 816 818 828 772
89 421 2 1096 1125 1158 1192 1210 1219 1228 1224 1185 1215 1195 1166
90 421 1 813 859 857 768 791 800 833 841 814 841 824 730
90 421 2 1209 1202 1226 1219 1201 1235 1248 1234 1230 1260 1216 1171
91 421 1 792 847 847 891 868 873 888 897 878 897 868 812
91 421 2 1172 1240 1269 1318 1360 1376 1357 1321 1313 1325 1287 1234
92 421 1 859 941 918 887 882 890 892 868 879 887 891 856
92 421 2 1267 1332 1354 1345 1358 1354 1330 1292 1305 1350 1318 1262
92 421 3 1136 1136 1200 1133 1169 1123 1221 1163 1143 1167 1198 1168
93 421 1 912 976 993 972 949 949 954 929 938 945 968 933
93 421 2 1347 1370 1403 1421 1422 1398 1401 1366 1355 1401 1398 1363
93 421 3 1261 1227 1262 1264 1268 1245 1235 1195 1228 1220 1305 1301
94 421 1 965 1036 1034 985 1012 984 978 1006 1025 1021 1051 1070
94 421 2 1394 1418 1462 1462 1479 1468 1491 1448 1501 1476 1495 1501
94 421 3 1309 1323 1320 1283 1296 1258 1288 1279 1299 1322 1380 1451
95 421 1 1101 1141 1164 1087 1115 1095 1075 1097 1075 1071 1110 1074
95 421 2 1539 1613 1600 1639 1635 1626 1622 1613 1563 1608 1622 1585
95 421 3 1450 1473 1447 1439 1404 1405 1417 1384 1417 1423 1485 1491
96 421 1 1138 1201 1174 1195 1176 1142 1173 1168 1162 1188 1212 1188
96 421 2 1609 1692 1701 1723 1756 1739 1720 1681 1659 1720 1714 1756
96 421 3 1534 1541 1527 1581 1476 1528 1520 1540 1528 1533 1551 1580
97 421 1 1262 1322 1272 1294 1256 1263 1266 1249 1272 1285 1274 1255
97 421 2 1767 1833 1852 1852 1867 1900 1874 1842 1814 1796 1774 1822
97 421 3 1647 1698 1660 1653 1607 1628 1626 1618 1633 1635 1654 1712
82 44X 1 851 863 910 875 869 882 868 866 850 818 838 904
82 44X 2 1319 1279 1403 1413 1464 1456 1391 1401 1430 1372 1344 1413
83 44X 1 982 975 970 946 966 975 941 959 921 934 971 1098
83 44X 2 1450 1449 1492 1518 1544 1523 1482 1440 1458 1526 1527 1588
84 44X 1 1128 1152 1065 992 1043 1037 1019 1031 961 1018 1014 1090
84 44X 2 1562 1620 1604 1569 1643 1611 1599 1536 1547 1634 1590 1644
85 44X 1 1226 1209 1184 1108 1110 1097 1102 1118 1101 1124 1217 1291
85 44X 2 1730 1726 1793 1744 1731 1731 1727 1684 1715 1768 1786 1823
86 44X 1 1282 1170 1085 1134 1148 1164 1170 1159 1182 1191 1186 1290
86 44X 2 1735 1585 1635 1798 1887 1897 1801 1800 1841 1873 1793 1881
87 44X 1 1386 1458 1404 1296 1266 1280 1257 1235 1226 1229 1294 1395
87 44X 2 1917 2016 2081 2020 1966 1954 1892 1814 1837 1872 1923 1999
88 44X 1 1446 1470 1525 1315 1294 1352 1303 1304 1302 1217 1276 1488
88 44X 2 1996 2023 2099 2014 1973 2003 1942 1894 1881 1862 1847 2006
89 44X 1 1495 1515 1462 1403 1392 1454 1444 1444 1411 1403 1437 1564
89 44X 2 2007 2061 2081 2086 2175 2191 2147 2087 2128 2127 2013 2166
89 44X 3 2050 2086 2082 1899 1912 1991 2100 1988 1987 1924 2069 2268
90 44X 1 1636 1623 1537 1379 1426 1462 1481 1486 1429 1473 1477 1457
90 44X 2 2245 2236 2226 2096 2151 2194 2198 2151 2127 2214 2119 2141
90 44X 3 2294 2256 2108 1936 2059 2080 2124 1990 2039 2092 2137 2092
91 44X 1 1644 1660 1650 1599 1565 1563 1582 1548 1498 1543 1552 1633
91 44X 2 2229 2345 2359 2361 2431 2359 2338 2228 2277 2343 2204 2324
91 44X 3 2231 2277 2311 2136 2079 2171 2164 2150 2016 2142 2161 2290
92 44X 1 1742 1802 1708 1594 1556 1591 1646 1546 1533 1521 1547 1742
92 44X 2 2349 2490 2446 2410 2357 2399 2314 2220 2282 2358 2200 2378
92 44X 3 2380 2492 2347 2165 2188 2169 2273 2137 2147 2099 2162 2338
93 44X 1 1811 1836 1842 1781 1683 1703 1719 1640 1594 1627 1654 1755
93 44X 2 2447 2482 2549 2620 2470 2453 2439 2340 2337 2420 2364 2345
93 44X 3 2545 2424 2405 2426 2316 2365 2334 2230 2222 2251 2349 2399
94 44X 1 1897 1867 1944 1785 1804 1767 1746 1733 1754 1737 1797 2058
94 44X 2 2516 2555 2707 2628 2582 2571 2520 2423 2612 2521 2472 2731
94 44X 3 2542 2561 2633 2442 2391 2356 2410 2333 2388 2356 2480 2813
95 44X 1 2093 2057 2075 1939 1922 1920 1877 1905 1823 1822 1972 2098
95 44X 2 2735 2800 2878 2895 2792 2793 2760 2682 2690 2702 2736 2865
95 44X 3 2763 2716 2757 2713 2494 2586 2529 2580 2478 2494 2675 2882
96 44X 1 2097 2078 2105 2048 1955 1983 2020 1953 1917 1952 2045 2153
96 44X 2 2779 2877 2877 2912 2937 2950 2888 2757 2773 2803 2789 2913
96 44X 3 2879 2761 2772 2781 2582 2882 2732 2650 2625 2632 2780 2902
82 491 1 158 179 183 174 172 161 170 165 125 120 103 100
82 491 2 211 218 226 229 230 232 232 248 217 212 173 172
83 491 1 116 121 110 108 108 106 112 104 111 111 115 123
83 491 2 180 174 187 171 172 192 200 177 169 176 177 176
84 491 1 128 133 139 135 117 137 131 131 123 126 132 138
84 491 2 185 191 179 190 190 183 188 200 193 180 181 195
85 491 1 136 140 149 141 126 115 125 132 139 143 145 163
85 491 2 198 197 213 212 213 209 195 197 193 197 191 215
86 491 1 167 174 187 176 155 162 152 140 140 150 169 170
86 491 2 211 232 244 257 227 235 224 216 220 223 228 241
87 491 1 192 182 178 175 168 181 174 151 145 142 145 162
87 491 2 257 254 255 257 271 264 251 228 233 226 235 249
88 491 1 170 172 188 180 169 171 155 166 179 156 143 160
88 491 2 236 265 247 271 226 256 226 256 272 253 216 260
89 491 1 168 190 185 176 171 159 152 149 139 137 142 171
89 491 2 239 264 273 276 237 235 260 232 215 243 211 254
90 491 1 176 174 160 152 155 144 132 140 145 140 148 146
90 491 2 255 261 236 227 205 255 196 190 232 224 238 215
91 491 1 169 194 203 198 181 185 186 197 200 204 202 203
91 491 2 246 286 288 285 269 278 294 281 276 284 290 289
92 491 1 188 220 198 171 160 155 152 153 147 154 158 171
92 491 2 289 329 325 298 290 272 247 249 242 277 289 261
92 491 3 289 267 236 298 204 251 232 244 242 246 250 260
93 491 1 194 197 193 180 171 159 152 156 175 185 176 165
93 491 2 292 280 278 274 271 284 251 305 322 265 270 302
93 491 3 270 289 253 300 290 270 259 260 283 399 348 275
94 491 1 176 193 185 182 176 165 167 168 191 189 180 200
94 491 2 263 283 282 278 312 289 302 285 291 289 261 298
94 491 3 260 272 279 257 268 276 255 351 259 270 285 290
95 491 1 209 206 210 199 224 230 222 230 235 208 215 260
95 491 2 299 305 336 338 350 345 346 348 344 335 333 371
95 491 3 293 311 280 319 320 315 299 310 330 330 330 345
96 491 1 249 234 225 216 222 217 238 221 200 210 227 226
96 491 2 362 342 340 344 358 343 355 348 313 322 325 364
96 491 3 300 350 360 330 340 348 335 337 340 345 330 330
97 491 1 248 247 243 264 292 284 255 247 248 233 224 233
97 491 2 346 337 346 371 394 393 373 352 364 363 364 354
82 502 1 84 86 90 89 87 87 88 90 93 95 97 94
82 502 2 140 145 159 161 160 159 157 161 164 161 157 161
83 502 1 95 97 101 101 106 100 101 104 104 102 107 109
83 502 2 153 161 169 174 177 175 177 185 182 169 173 176
84 502 1 109 114 121 114 115 115 119 113 113 126 120 114
84 502 2 171 182 184 193 199 197 197 199 194 199 194 192
85 502 1 121 123 127 130 124 123 124 125 131 135 135 139
85 502 2 191 192 201 205 208 206 211 216 216 216 214 214
86 502 1 132 131 138 149 138 138 139 140 139 141 149 142
86 502 2 197 205 220 227 233 230 232 238 236 238 230 221
87 502 1 144 148 156 163 152 155 164 161 163 161 169 165
87 502 2 219 239 252 262 258 258 261 266 265 256 245 240
88 502 1 171 172 186 183 168 170 163 176 184 168 170 172
88 502 2 235 251 264 275 268 268 270 272 273 271 254 250
89 502 1 153 157 173 182 182 178 177 176 180 187 189 192
89 502 2 237 255 276 286 289 285 291 295 293 290 282 282
90 502 1 186 187 199 189 174 179 175 186 185 198 200 196
90 502 2 268 282 295 299 292 290 295 300 305 301 289 286
91 502 1 200 205 209 221 206 207 198 211 219 224 219 212
91 502 2 282 304 306 334 334 335 328 341 343 336 318 309
92 502 1 216 232 221 219 212 210 200 203 205 212 215 228
92 502 2 310 327 335 345 344 336 333 333 338 325 323 326
92 502 3 310 318 325 298 335 295 293 333 323 321 281 292
93 502 1 223 227 241 238 225 217 220 220 233 240 249 242
93 502 2 319 327 345 357 358 349 362 358 361 351 345 346
93 502 3 284 289 328 340 342 335 349 303 349 346 335 332
94 502 1 241 250 259 254 242 231 224 243 265 266 262 266
94 502 2 332 349 371 380 374 364 369 390 388 384 366 379
94 502 3 317 304 342 380 319 364 368 320 380 316 309 305
95 502 1 253 267 288 263 260 258 259 280 292 274 286 297
95 502 2 366 389 415 421 416 414 421 431 430 420 400 419
95 502 3 300 311 333 336 343 330 336 349 334 337 343 332
96 502 1 285 292 299 296 290 274 270 294 290 302 304 303
96 502 2 390 411 434 440 434 433 433 449 452 413 413 424
96 502 3 334 345 373 374 368 354 360 373 381 374 368 362
97 502 1 297 312 323 313 308 291 300 306 338 335 327 326
97 502 2 408 436 455 467 463 459 473 479 480 462 448 452
82 512 1 46 47 49 49 48 47 49 49 50 53 55 55
82 512 2 70 72 75 79 81 81 81 82 81 86 86 87
83 512 1 56 59 61 61 62 55 57 59 63 63 64 65
83 512 2 86 90 90 96 98 94 97 102 106 102 102 100
84 512 1 66 68 70 69 71 66 69 70 73 80 77 74
84 512 2 104 105 109 112 114 113 117 117 118 121 119 118
85 512 1 74 77 81 81 83 74 77 81 86 89 87 88
85 512 2 114 119 127 130 131 131 130 137 138 138 130 133
86 512 1 85 86 89 100 96 89 91 98 98 102 105 99
86 512 2 124 130 145 152 152 151 153 158 158 158 153 146
87 512 1 97 104 105 115 108 105 112 107 117 122 119 112
87 512 2 142 159 166 174 177 173 174 176 182 179 171 163
88 512 1 112 115 123 125 119 116 112 126 135 132 129 124
88 512 2 165 168 178 188 187 187 184 194 202 194 186 185
89 512 1 118 122 129 140 130 138 129 141 135 147 147 137
89 512 2 175 184 200 205 206 211 214 214 216 213 213 202
90 512 1 138 141 149 146 141 139 135 151 146 160 158 152
90 512 2 199 205 211 219 218 218 222 226 230 237 220 218
91 512 1 150 152 154 165 164 161 158 168 182 182 173 166
91 512 2 207 219 225 238 248 252 245 258 261 264 247 244
92 512 1 164 173 176 176 184 183 161 172 178 178 180 177
92 512 2 237 238 250 257 260 261 254 266 264 261 261 254
92 512 3 233 235 240 189 242 252 208 226 247 247 211 276
93 512 1 174 180 196 204 187 187 187 187 208 209 214 206
93 512 2 244 256 274 287 285 285 285 285 302 286 291 291
93 512 3 219 221 255 267 260 261 265 243 292 285 287 284
94 512 1 200 212 220 225 221 223 219 230 252 251 250 238
94 512 2 275 283 302 319 317 317 324 334 336 341 338 332
94 512 3 243 251 272 279 272 308 306 293 334 303 289 294
95 512 1 244 247 281 271 258 258 267 272 289 289 288 278
95 512 2 331 353 353 380 374 376 379 387 404 404 384 376
95 512 3 288 295 339 352 352 352 341 350 356 365 343 359
96 512 1 273 285 306 317 309 288 294 333 317 328 316 317
96 512 2 369 401 434 442 444 446 443 458 458 448 427 428
96 512 3 357 369 368 389 389 396 400 414 417 418 402 401
97 512 1 239 255 274 272 279 278 283 278 324 322 304 282
97 512 2 322 358 370 377 388 396 391 403 407 418 418 368
97 512 3 328 328 346 348 345 353 348 365 362 372 372 328
82 514 1 2 2 2 2 3 2 3 4 4 4 5 4
82 514 2 4 4 6 5 5 6 5 8 7 10 9 10
83 514 1 3 3 3 3 4 3 3 3 4 4 3 3
83 514 2 6 7 7 7 7 7 5 5 6 6 7 7
84 514 1 3 3 3 3 3 3 4 3 3 4 4 3
84 514 2 7 6 8 7 7 7 7 7 7 7 8 8
85 514 1 3 4 4 4 4 4 4 5 5 6 5 6
85 514 2 7 8 9 8 8 9 9 10 10 9 9 9
86 514 1 5 5 5 6 6 6 6 7 7 7 8 7
86 514 2 9 10 14 12 12 12 13 13 13 13 13 13
87 514 1 6 7 7 8 7 7 8 8 9 10 8 7
87 514 2 11 14 14 15 15 16 17 18 19 19 16 14
88 514 1 7 7 8 7 7 7 7 9 9 8 8 7
88 514 2 13 14 14 15 14 14 14 18 17 14 16 12
89 514 1 6 6 7 7 7 8 7 8 8 9 9 8
89 514 2 10 13 12 14 14 14 14 14 15 15 15 14
89 514 3 11 12 10 13 13 13 12 10 15 15 14 14
90 514 1 8 8 9 8 8 8 8 8 9 10 10 9
90 514 2 13 14 15 15 15 16 15 16 17 17 16 18
90 514 3 12 13 14 16 13 13 12 13 14 14 17 19
91 514 1 9 11 8 9 10 10 10 11 13 13 12 10
91 514 2 15 16 16 19 19 18 20 19 26 23 19 19
91 514 3 15 15 15 17 17 16 15 15 23 21 19 14
92 514 1 10 11 11 11 12 12 9 11 12 12 12 11
92 514 2 19 18 20 23 21 21 22 23 21 20 20 20
92 514 3 18 18 19 18 19 19 18 20 20 20 22 21
93 514 1 11 11 12 12 13 13 12 12 15 15 16 15
93 514 2 18 19 20 19 19 19 19 19 20 19 19 20
93 514 3 18 17 19 18 18 18 19 18 18 18 18 18
94 514 1 13 15 12 12 12 12 15 17 21 21 20 17
94 514 2 23 24 24 25 23 24 25 26 25 26 26 26
94 514 3 18 21 22 22 22 22 23 23 23 23 23 24
95 514 1 19 19 24 22 20 20 21 22 24 23 23 23
95 514 2 26 26 27 26 26 26 28 29 29 31 32 32
95 514 3 24 26 24 24 24 24 25 26 26 30 31 31
96 514 1 19 19 21 20 18 16 17 23 23 25 22 22
96 514 2 28 29 31 32 33 33 38 32 25 36 32 34
96 514 3 32 31 33 32 34 35 39 35 45 38 41 35
97 514 1 18 20 22 21 22 23 23 24 31 25 23 20
97 514 2 31 39 40 39 47 44 46 44 48 43 46 31
97 514 3 26 38 38 31 38 34 37 45 49 41 43 32
82 524 1 194 201 213 218 219 222 225 233 234 227 234 232
82 524 2 329 345 361 375 385 395 391 412 406 399 401 410
83 524 1 231 231 250 248 264 274 274 280 279 269 266 265
83 524 2 390 407 416 420 452 465 460 456 460 445 442 436
84 524 1 252 277 280 276 289 287 290 299 291 300 295 282
84 524 2 414 448 456 460 478 487 479 487 487 488 480 474
85 524 1 285 296 307 311 321 304 316 332 332 331 320 325
85 524 2 456 479 507 504 525 532 529 538 541 535 520 499
86 524 1 321 325 339 351 360 354 355 367 378 374 371 361
86 524 2 484 510 548 567 579 600 591 610 620 617 594 585
87 524 1 370 376 389 400 431 438 439 449 452 438 423 420
87 524 2 573 613 634 652 695 703 693 713 710 690 662 654
88 524 1 398 409 432 435 442 441 440 454 465 456 399 390
88 524 2 604 647 679 680 709 717 710 722 726 703 657 606
89 524 1 393 419 441 459 464 473 475 490 484 475 460 436
89 524 2 620 681 717 722 777 774 755 731 765 765 726 703
90 524 1 438 461 478 459 462 491 501 525 505 496 482 470
90 524 2 680 733 756 743 770 814 803 824 826 810 769 760
90 524 3 612 597 627 572 561 590 580 664 646 663 650 668
91 524 1 456 463 472 512 527 537 541 551 536 519 511 512
91 524 2 713 747 784 811 857 847 886 874 845 822 817 819
91 524 3 630 636 596 632 651 674 652 690 684 701 706 789
92 524 1 489 506 514 522 548 544 543 557 548 532 522 511
92 524 2 778 826 846 852 892 912 892 886 884 878 831 817
92 524 3 666 660 652 686 670 656 674 695 716 675 691 708
93 524 1 504 521 565 579 582 590 591 604 612 586 585 553
93 524 2 801 921 902 923 923 949 944 954 954 935 918 886
93 524 3 721 657 753 722 718 713 733 747 768 787 807 772
94 524 1 522 566 578 596 616 603 602 638 665 628 607 583
94 524 2 823 885 924 940 967 977 937 986 983 969 941 916
94 524 3 724 786 713 729 754 814 804 809 812 823 854 790
95 524 1 577 595 639 630 652 661 674 707 696 666 652 633
95 524 2 893 962 992 1002 1026 1052 1065 1090 1084 1040 1009 994
95 524 3 754 772 801 756 781 779 804 860 893 946 909 893
96 524 1 615 650 669 684 703 709 714 740 705 702 676 654
96 524 2 946 1024 1049 1069 1137 1151 1115 1152 1136 1071 1075 1045
96 524 3 908 899 859 876 862 876 875 919 909 932 928 907
97 524 1 644 695 703 728 702 736 767 791 803 749 719 682
97 524 2 1010 1132 1129 1143 1180 1208 1189 1241 1217 1165 1092 1081
97 524 3 915 964 894 894 883 899 912 972 993 1034 1012 965
82 531 1 150 154 168 162 164 167 163 172 172 173 158 171
82 531 2 256 261 275 283 293 290 281 292 289 291 296 286
83 531 1 164 167 179 174 181 179 175 182 185 180 180 173
83 531 2 270 283 285 297 303 302 298 301 302 301 290 288
84 531 1 173 185 183 177 187 184 184 194 186 195 193 185
84 531 2 279 295 293 306 313 314 307 311 313 310 311 313
85 531 1 179 185 195 190 196 187 194 206 209 209 203 197
85 531 2 289 305 318 325 332 324 322 334 335 330 320 306
86 531 1 189 195 206 219 215 209 208 217 220 223 216 206
86 531 2 284 304 331 351 365 353 352 354 346 343 321 318
87 531 1 206 218 212 214 218 218 222 227 231 232 222 213
87 531 2 304 337 343 358 364 363 357 361 358 359 329 337
88 531 1 216 222 232 225 229 231 223 235 244 227 227 224
88 531 2 314 356 357 371 383 375 367 368 378 372 338 340
89 531 1 218 223 231 241 239 245 238 251 254 248 246 235
89 531 2 316 361 366 388 395 403 391 394 403 389 369 365
89 531 3 308 320 315 331 328 320 313 333 353 339 359 323
90 531 1 236 244 259 253 258 258 255 264 262 268 264 253
90 531 2 345 383 400 406 428 424 422 426 423 420 392 396
90 531 3 332 337 362 347 343 323 324 361 341 368 359 358
91 531 1 247 252 260 272 270 274 270 277 278 284 274 267
91 531 2 373 407 413 430 443 446 444 450 448 447 417 411
91 531 3 331 358 348 351 350 350 341 353 374 376 372 359
92 531 1 257 265 269 273 273 271 278 282 282 280 277 273
92 531 2 387 422 429 444 450 451 456 455 452 443 420 423
92 531 3 344 353 358 373 359 343 347 372 375 374 373 372
93 531 1 269 273 304 294 294 293 292 297 308 305 304 297
93 531 2 408 438 464 470 478 482 469 471 474 476 452 451
93 531 3 363 372 401 386 380 380 373 393 409 415 411 412
94 531 1 279 295 311 307 315 307 299 322 337 333 329 324
94 531 2 425 465 474 485 506 499 481 492 514 515 483 481
94 531 3 381 399 403 403 404 391 380 425 449 455 457 432
95 531 1 314 323 346 335 348 340 338 360 362 363 350 348
95 531 2 458 499 510 536 544 540 535 545 556 554 524 517
95 531 3 428 436 453 454 443 429 419 451 459 485 469 467
96 531 1 345 354 367 372 376 364 371 382 391 390 381 376
96 531 2 508 552 551 575 595 585 582 587 591 593 571 565
96 531 3 466 478 489 485 475 453 453 486 513 514 529 510
97 531 1 363 374 385 400 390 399 396 414 438 439 422 410
97 531 2 536 587 590 624 626 638 625 639 644 629 586 591
97 531 3 474 507 511 502 495 499 490 534 584 574 574 548
